,stop_id
ALM,11197,11198,11200,11202,11203,11205,11207,11206,11204,11201,11199,11208,11209,11214,12262,12252,12250,12246,12243,12240,11213,12261,11215,12238,12241,12244,12248,12251,12259,12260,12247,12200,12198,12196,22189,26101,26108,26129,26186,26316,26267,26130
BEG,11120,11121,11122,11245,11247,11249,11410,11412,12237,12234,12232,12230,12226,12225,12221,26535,12212,12210,12206,11208,12238,12241,12244,12248,12260,11213,11207,11119,11214,12236,12261,12252,12250,12245,12242,12239,12207,12211,12213,26536,12222,12224,12227,12229,12231,12233,11413,11411,11409,11248,11246,11123,12247,12251,12249,22189,12196,12198,12200,11209,12235,12208,12209,12214,26537,12223,12243,12228,12262,12259,11215,26167,26123,26114,26116,26293,26302,26301,26192,26265,26128
CBE,26555,26557,14258,14254,13730,13728,13726,13723,13721,13719,13717,13715,13713,12193,12191,12189,26515,26516,12184,12185,12186,26514,12187,12190,12192,12194,13714,13716,13718,13720,13722,13725,13727,13729,14253,14257,26556,26554,12188,26539
CCL,11213,22188,10920,10922,10924,11214,11212
CGB,11216,22190,14327,15553,15551,15549,15547,15545,15542,15540,15538,15536,15534,15532,15530,26504,40219,15528,11215,40218,26503,15529,15531,15533,15535,15537,15539,15541,15544,15546,15548,15550,15552,14326,22191,12195,12197,12199,15527,14324,14325,12203,22193,14329,11218,14328,22192
FKN,11218,12256,14296,14268,14264,14260,14256,14252,14250,14247,14244,14241,14238,14235,14232,26528,11242,11241,11239,11237,11235,11233,11231,11229,11227,11225,11223,11221,11220,11217,11222,11224,11226,11228,11230,11232,11234,11236,11238,11240,11243,26527,11471,14233,14236,14239,14242,14245,14248,14255,14259,14263,14267,14295,12255,14251,11210,10923,10921,22191,11244,11216,12205,14234,14237,14240,14243,14246,14249,12204,26135,26180,26253,26220,26118,26258,26233,26195,26283,26138,26222,26255,26235,26128
GWY,12158,12160,12162,10117,8763,8705,8272,5966,12269,12267,12265,12263,12247,12251,12259,11214,12159,12260,11213,12262,12252,12250,12264,12266,12268,5804,8266,8691,8718,8766,11219,12163,12161,22189,12196,12198,12200,12261,12249,11215,11212
HBE,15337,15336,15335,15333,15331,15329,15327,15326,13760,13758,13756,13754,13752,13750,13748,13746,13744,14330,14332,14335,14336,14338,14340,11212,15332,14341,14339,14337,14334,14333,14331,13745,13747,13749,13751,13753,13755,13757,13759,15323,15325,15328,15330,26521,15334,22188,10920,10922,10924,15324,11213,11214,26218,26268,26193,26155,26201,26150,26103,26165,26152,26311,26140,26303,26142,26246,26309,26204,26256
LIL,12165,12166,12168,12170,12237,12234,12232,12230,12226,12225,12221,26535,12212,12210,12206,11208,12238,12241,12244,12248,12260,11214,12164,11213,11207,12261,12249,12245,12242,12239,12207,12211,12213,26536,12222,12224,12227,12229,12231,12233,12171,12169,12167,12252,12250,12247,12251,12236,22189,12196,12198,12200,11209,12235,12259,12262,12246,12243,12240,12208,12209,12214,26537,12223,12228,11215,11212,26265,26191,26230,26249,26121,26211,26124,26128,26215,26234,26148,26264,26321,26136,26131,26156,26130,26110,26179,26190
MDD,26517,26511,26519,26522,15366,15368,15370,15371,15373,15375,15377,15379,15381,15383,15385,15387,15389,15391,14330,14332,14335,14336,14338,14340,11212,26518,14341,14339,14337,14334,14333,14331,15392,15390,15388,15386,15384,15382,15380,15378,15376,15374,15372,26534,15369,15367,26523,26520,26512,22188,10920,10922,10924,11213,11214,26262,26261,26260,26117,26295,26147,26248,26226,26271,26140,26303,26142,26246,26309,26204,26256
PKM,26555,26557,14258,14254,13730,13728,13726,13723,13721,13719,13717,13715,13713,12193,12191,12189,12183,12181,12179,12177,12175,26502,12173,26507,12188,12172,26501,12174,12176,12178,12180,12182,12190,12192,12194,13714,13716,13718,13720,13722,13725,13727,13729,14253,14257,26556,26554,26506,12187,26539,12258,14298,26251,26198,26239,26133,26135,26151,26219,26106,26296,26188,26281,26263,26256
RCE,11217,22190,14327,15524,14326,22191,12205,15526,11218
SHM,14271,14272,14275,14277,14279,14281,14283,14285,14288,14289,14291,14293,12253,12205,12204,12254,14294,14292,14290,14287,14286,14284,14282,14280,14278,14276,14273,12203,12201,12202,26256,26263,26281,26259,26317,26111,26266,26161
STY,88,615,2155,3236,3580,4318,5082,5701,7878,26510
SUY,26554,26552,26550,26548,15519,15517,26538,15513,26531,15365,15363,15360,15359,15357,15354,26529,15352,26505,15355,15358,15361,15362,15364,26530,15512,15514,15516,15518,26549,26551,26553,26555,15515,15356,26245,26324,26323
UFD,11215,22190,14325,14323,14321,14319,14317,14315,14313,14311,14309,14307,14305,14303,14301,14299,11216,14300,14302,14304,14306,14308,14310,14312,14314,14316,14318,14320,14322,14324,12195,12197,12199,14326,22191,14327
WER,13732,13734,26540,13738,13736,13740,13742,13743,15343,15345,15347,15349,26508,15522,14328,22192,12205,12204,22193,14329,15523,26509,15350,15348,15346,15344,13741,26513,13739,26541,13735,13731,12203,13737,13733,11218,26242,26276,26104,26312,26213,26100,26313,26197,26307,26284,26319,26277,26171,26279,26245
WIL,15338,15339,15341,15343,15345,15347,15349,26508,15522,14328,22192,12204,22193,14329,15523,26509,15350,15348,15346,15344,15342,15340,12205,12203,26315,26314,26247,26242,26284,26319,26277,26171,26279,26245